[2J[1;1H[48;2;0;0;0m[38;2;255;255;255m01010101010101010101010101010101010101010101010101010101010101010101010101010101
01010101010101010101010101010101010101010101010101010101010101010101010101010101
01010101010101010101010101010101010101010101010101010101010101010101010101010101
0101010101010101010101010101010101010101010101[38;2;229;189;241m0[38;2;220;175;234m1[38;2;132;91;152m0[38;2;168;127;184m1[38;2;232;188;241m0[38;2;255;229;255m1[38;2;99;62;120m0[38;2;255;233;255m1[38;2;255;253;255m0[38;2;255;255;255m1010101010101010101010101
01010101010101010101010101010101010101010101[38;2;255;226;255m0[38;2;134;88;163m1[38;2;0;0;0m0101010101[38;2;168;127;184m0[38;2;255;220;255m1[38;2;255;255;255m0101010101010101010101
010101010101010101010101010101010101010101[38;2;207;158;223m0[38;2;0;0;29m1[38;2;0;0;0m01[38;2;0;53;0m0[38;2;18;121;0m1[38;2;18;113;0m0[38;2;0;75;0m1[38;2;0;90;0m0[38;2;0;79;0m1[38;2;0;92;0m0[38;2;0;34;0m1[38;2;0;15;0m0[38;2;0;0;0m101[38;2;72;33;94m0[38;2;255;255;255m1[38;2;255;254;255m0[38;2;255;255;255m1010101010101010101
0101010101010101010101010101010101010101[38;2;236;192;254m0[38;2;35;0;58m1[38;2;0;0;0m0[38;2;0;20;0m1[38;2;57;163;0m0[38;2;63;187;0m1[38;2;22;174;0m0[38;2;0;106;0m1[38;2;0;65;0m0[38;2;0;91;0m1[38;2;0;96;0m0[38;2;0;105;0m1[38;2;0;110;0m0[38;2;0;76;0m1[38;2;0;104;3m0[38;2;0;66;0m1[38;2;0;70;0m0[38;2;0;0;0m101[38;2;12;0;37m0[38;2;255;238;255m1[38;2;255;255;255m010101010101010101
01010101010101010101010101010101010101[38;2;255;242;255m0[38;2;168;120;191m1[38;2;0;0;0m01[38;2;42;164;0m0[38;2;74;217;0m1[38;2;35;185;0m0[38;2;0;94;0m1[38;2;0;26;0m0[38;2;0;10;0m1[38;2;0;66;0m0[38;2;0;97;0m1[38;2;0;76;0m0[38;2;0;101;0m1[38;2;0;92;0m0[38;2;0;74;0m1[38;2;0;102;0m0[38;2;0;110;0m1[38;2;0;112;0m0[38;2;0;115;0m1[38;2;0;102;0m0[38;2;0;0;0m10[38;2;0;0;8m1[38;2;255;248;255m0[38;2;255;255;255m10101010101010101
0101010101010101[38;2;255;253;255m0[38;2;255;255;255m10[38;2;148;120;181m1[38;2;141;112;179m0[38;2;127;100;176m1[38;2;162;135;202m0[38;2;204;175;244m1[38;2;204;175;235m0[38;2;255;242;255m1[38;2;255;255;255m01010101010[38;2;255;218;255m1[38;2;106;63;130m0[38;2;0;0;0m1[38;2;0;64;0m0[38;2;34;159;0m1[38;2;54;208;0m0[38;2;2;137;0m1[38;2;0;46;0m01[38;2;0;86;0m0[38;2;0;66;0m1[38;2;0;102;0m0[38;2;0;95;0m1[38;2;0;80;0m0[38;2;0;115;0m1[38;2;0;102;0m0[38;2;0;92;0m1[38;2;0;148;0m0[38;2;0;138;0m1[38;2;0;103;0m0[38;2;0;115;0m1[38;2;0;110;0m0[38;2;0;145;0m1[38;2;0;42;0m0[38;2;0;0;0m1[38;2;105;80;134m0[38;2;255;255;255m10101010101010101
010101010101010[38;2;223;198;252m1[38;2;178;149;221m0[38;2;21;0;76m1[38;2;0;0;28m0[38;2;0;0;0m101010[38;2;0;0;9m1[38;2;66;35;115m0[38;2;255;255;255m101010101[38;2;255;245;255m0[38;2;48;7;70m1[38;2;0;0;0m0[38;2;0;46;0m1[38;2;30;189;0m0[38;2;26;170;0m1[38;2;0;109;0m0[38;2;0;18;0m1[38;2;0;38;0m0[38;2;0;103;0m1[38;2;0;105;0m0[38;2;0;119;0m1[38;2;0;112;0m0[38;2;0;113;0m1[38;2;0;132;0m0[38;2;0;141;0m1[38;2;0;154;0m0[38;2;0;134;0m1[38;2;0;120;0m0[38;2;0;158;0m1[38;2;0;111;0m0[38;2;0;114;0m1[38;2;0;106;0m0[38;2;0;129;0m1[38;2;0;143;0m0[38;2;0;24;0m1[38;2;0;0;0m0[38;2;144;110;170m1[38;2;255;255;255m0101010101010101
0101010101010[38;2;203;180;239m1[38;2;74;54;113m0[38;2;0;0;3m1[38;2;0;0;0m010[38;2;0;45;0m1[38;2;0;55;0m0[38;2;0;95;0m1[38;2;0;66;0m0[38;2;0;80;0m1[38;2;0;36;0m0[38;2;0;0;0m101[38;2;132;94;174m0[38;2;255;240;255m1[38;2;255;255;255m010101[38;2;163;113;191m0[38;2;0;0;0m1[38;2;0;68;0m0[38;2;44;203;0m1[38;2;24;150;0m0[38;2;0;41;0m1[38;2;0;60;0m0[38;2;0;85;0m1[38;2;0;107;0m0[38;2;0;101;0m1[38;2;0;131;0m0[38;2;0;145;0m1[38;2;0;156;0m0[38;2;0;152;0m1[38;2;0;154;0m0[38;2;0;133;0m1[38;2;0;129;0m0[38;2;0;154;0m1[38;2;0;138;0m0[38;2;0;141;0m1[38;2;0;143;0m0[38;2;0;120;0m1[38;2;0;125;0m0[38;2;0;100;0m1[38;2;0;79;0m0[38;2;0;132;0m1[38;2;0;0;0m01[38;2;255;238;255m0[38;2;255;255;255m101010101010101
0101010101[38;2;249;227;255m0[38;2;255;255;255m1[38;2;119;101;159m0[38;2;0;0;0m101[38;2;76;148;0m0[38;2;99;196;0m1[38;2;104;228;0m0[38;2;115;219;0m1[38;2;57;191;0m0[38;2;52;193;0m1[38;2;13;161;0m0[38;2;0;171;0m1[38;2;0;175;0m0[38;2;0;125;0m1[38;2;0;89;0m0[38;2;0;0;0m10[38;2;38;0;75m1[38;2;153;115;189m0[38;2;255;255;255m1010[38;2;239;188;255m1[38;2;0;0;0m0[38;2;0;61;0m1[38;2;36;203;0m0[38;2;42;196;0m1[38;2;0;85;0m0[38;2;0;24;0m1[38;2;0;115;10m0[38;2;0;119;0m1[38;2;0;116;0m0[38;2;0;144;1m1[38;2;0;164;0m0[38;2;0;155;0m1[38;2;0;143;0m0[38;2;0;138;0m1[38;2;0;171;0m0[38;2;0;141;0m1[38;2;0;139;0m0[38;2;0;156;0m1[38;2;0;169;0m0[38;2;0;117;0m1[38;2;0;143;0m0[38;2;0;142;0m1[38;2;0;103;0m0[38;2;0;90;0m1[38;2;0;102;0m0[38;2;0;135;0m1[38;2;0;94;0m0[38;2;0;0;0m1[38;2;73;53;108m0[38;2;253;225;255m1[38;2;255;255;255m01010101010101
0101010101[38;2;255;235;255m0[38;2;20;0;55m1[38;2;0;0;0m01[38;2;65;108;0m0[38;2;114;208;0m1[38;2;167;244;0m0[38;2;160;224;0m1[38;2;154;210;0m0[38;2;155;240;0m1[38;2;88;204;0m0[38;2;120;214;0m1[38;2;63;196;0m0[38;2;22;180;0m1[38;2;9;172;0m0[38;2;0;158;0m1[38;2;24;190;0m0[38;2;27;194;0m1[38;2;0;80;0m0[38;2;0;0;0m10[38;2;192;154;240m1[38;2;255;255;255m01[38;2;177;136;199m0[38;2;0;0;0m10[38;2;27;187;0m1[38;2;34;192;0m0[38;2;0;133;0m1[38;2;0;76;6m0[38;2;0;95;11m1[38;2;0;118;9m0[38;2;0;132;0m1[38;2;0;126;0m0[38;2;0;170;13m1[38;2;0;132;0m0[38;2;0;138;0m1[38;2;0;167;0m0[38;2;0;154;0m1[38;2;0;169;0m0[38;2;0;171;0m1[38;2;0;124;0m0[38;2;0;144;0m1[38;2;0;167;0m0[38;2;0;125;0m1[38;2;0;160;0m0[38;2;0;147;0m1[38;2;0;140;0m0[38;2;0;113;0m1[38;2;0;118;0m0[38;2;0;139;0m1[38;2;0;133;0m0[38;2;0;0;0m10[38;2;146;123;168m1[38;2;255;255;255m01010101010101
0101010101[38;2;109;87;144m0[38;2;0;0;0m1[38;2;0;51;0m0[38;2;93;179;0m1[38;2;175;253;0m0[38;2;142;226;0m1[38;2;159;228;0m0[38;2;192;244;0m1[38;2;221;255;0m0[38;2;153;212;0m1[38;2;108;221;0m0[38;2;130;229;0m1[38;2;82;207;0m0[38;2;52;183;0m1[38;2;37;181;0m0[38;2;20;177;0m1[38;2;9;153;0m0[38;2;6;165;0m1[38;2;0;147;0m0[38;2;1;161;5m1[38;2;0;0;0m0[38;2;0;0;6m1[38;2;246;201;255m0[38;2;255;223;255m1[38;2;0;0;7m0[38;2;0;0;0m1[38;2;0;124;0m0[38;2;43;206;0m1[38;2;0;121;0m0[38;2;0;76;13m1[38;2;0;93;5m0[38;2;0;102;8m1[38;2;0;111;3m0[38;2;0;161;0m1[38;2;0;151;0m0[38;2;0;141;0m1[38;2;0;149;0m0[38;2;0;162;0m1[38;2;0;181;0m0[38;2;0;170;0m1[38;2;0;161;0m0[38;2;0;103;0m1[38;2;0;132;0m0[38;2;0;162;0m1[38;2;0;161;0m01[38;2;0;164;0m0[38;2;0;163;0m1[38;2;0;158;0m0[38;2;0;139;0m1[38;2;0;135;0m0[38;2;0;108;0m1[38;2;0;149;0m0[38;2;0;0;0m10[38;2;176;152;198m1[38;2;255;255;255m01010101010101
01010101[38;2;215;191;244m0[38;2;121;95;154m1[38;2;0;0;0m0[38;2;0;31;0m1[38;2;91;223;0m0[38;2;116;230;0m1[38;2;146;223;0m0[38;2;159;235;0m1[38;2;155;231;0m0[38;2;186;233;0m1[38;2;205;255;0m0[38;2;192;223;0m1[38;2;131;209;0m0[38;2;122;225;0m1[38;2;118;219;0m0[38;2;120;226;0m1[38;2;71;196;0m0[38;2;40;196;0m1[38;2;15;170;0m0[38;2;10;182;0m1[38;2;0;150;0m0[38;2;1;176;0m1[38;2;0;136;10m0[38;2;0;0;0m1[38;2;14;0;47m0[38;2;189;144;216m1[38;2;0;0;0m0[38;2;0;118;7m1[38;2;37;201;0m0[38;2;39;197;0m1[38;2;0;104;4m0[38;2;0;89;18m1[38;2;0;112;21m0[38;2;0;103;7m1[38;2;0;115;0m0[38;2;0;152;0m1[38;2;0;162;11m0[38;2;0;164;0m1[38;2;1;177;0m0[38;2;11;191;6m1[38;2;0;184;0m0[38;2;2;189;0m1[38;2;7;187;2m0[38;2;0;166;0m1[38;2;0;184;0m0[38;2;0;182;0m1[38;2;0;151;0m0[38;2;0;139;0m1[38;2;0;156;0m0[38;2;0;155;0m1[38;2;0;164;0m0[38;2;0;158;0m1[38;2;0;155;0m0[38;2;0;130;0m1[38;2;0;156;0m0[38;2;0;71;0m1[38;2;0;0;0m0[38;2;59;37;91m1[38;2;255;255;255m01010101010101
01010101[38;2;80;54;110m0[38;2;0;0;0m1[38;2;0;10;0m0[38;2;44;162;0m1[38;2;74;204;0m0[38;2;81;192;0m1[38;2;149;237;0m0[38;2;124;217;0m1[38;2;162;251;0m0[38;2;193;255;0m1[38;2;195;255;0m0[38;2;238;255;0m1[38;2;235;255;0m0[38;2;116;208;0m1[38;2;151;252;0m0[38;2;130;236;0m1[38;2;81;218;0m0[38;2;56;203;0m1[38;2;37;195;0m0[38;2;10;167;0m1[38;2;25;187;0m0[38;2;0;158;0m1[38;2;14;194;9m0[38;2;0;36;0m1[38;2;0;0;12m0[38;2;41;0;61m1[38;2;0;0;0m0[38;2;18;181;12m1[38;2;55;211;0m0[38;2;9;140;0m1[38;2;0;103;3m0[38;2;0;128;14m1[38;2;0;137;22m0[38;2;0;156;15m1[38;2;0;176;6m0[38;2;0;127;0m1[38;2;0;171;10m0[38;2;4;196;16m1[38;2;0;164;0m0[38;2;0;159;0m1[38;2;0;178;13m0[38;2;0;181;1m1[38;2;0;174;3m0[38;2;4;188;0m1[38;2;11;198;4m0[38;2;5;184;0m1[38;2;0;175;0m0[38;2;0;173;0m1[38;2;0;188;0m0[38;2;0;175;0m1[38;2;0;154;0m0[38;2;0;172;0m1[38;2;0;159;0m0[38;2;0;155;0m1[38;2;0;162;0m0[38;2;0;108;0m1[38;2;0;0;0m0[38;2;68;41;102m1[38;2;255;255;255m01010101010101
01010101[38;2;76;46;103m0[38;2;0;0;0m1[38;2;19;136;0m0[38;2;73;212;0m1[38;2;64;184;0m0[38;2;90;198;0m1[38;2;142;239;0m0[38;2;125;227;0m1[38;2;141;243;0m0[38;2;124;227;0m1[38;2;172;255;0m0[38;2;221;255;0m1[38;2;244;255;0m0[38;2;210;255;0m1[38;2;173;255;0m0[38;2;142;227;0m1[38;2;121;233;0m0[38;2;124;244;0m1[38;2;75;218;0m0[38;2;18;168;0m1[38;2;16;188;0m0[38;2;9;175;0m1[38;2;12;183;3m0[38;2;1;167;17m1[38;2;0;0;0m01[38;2;0;51;8m0[38;2;37;194;7m1[38;2;64;228;0m0[38;2;6;153;12m1[38;2;0;110;24m0[38;2;0;145;27m1[38;2;0;122;14m0[38;2;0;161;19m1[38;2;9;189;18m0[38;2;10;181;1m1[38;2;0;161;18m0[38;2;10;199;14m1[38;2;0;163;4m0[38;2;0;130;0m1[38;2;2;187;18m0[38;2;2;183;17m1[38;2;4;174;9m0[38;2;16;192;0m1[38;2;15;200;0m0[38;2;15;192;0m1[38;2;7;193;0m0[38;2;0;191;0m1[38;2;3;182;0m0[38;2;2;179;0m1[38;2;0;167;0m0[38;2;0;152;0m1[38;2;0;168;0m0[38;2;0;171;0m1[38;2;0;173;0m0[38;2;0;140;0m1[38;2;0;0;0m0[38;2;49;22;76m1[38;2;255;255;255m0[38;2;255;243;255m1[38;2;255;255;255m010101010101
01010101[38;2;68;37;95m0[38;2;0;0;0m1[38;2;29;178;0m0[38;2;13;170;0m1[38;2;61;196;0m0[38;2;83;198;0m1[38;2;116;229;0m0[38;2;118;231;0m1[38;2;124;235;0m0[38;2;149;243;0m1[38;2;165;250;0m0[38;2;194;255;0m1[38;2;219;255;0m0[38;2;243;255;0m1[38;2;138;229;0m0[38;2;151;252;0m1[38;2;144;252;0m0[38;2;155;254;0m1[38;2;94;229;0m0[38;2;37;209;0m1[38;2;20;201;0m0[38;2;17;203;0m1[38;2;5;184;0m0[38;2;14;190;21m1[38;2;0;0;0m01[38;2;0;142;16m0[38;2;49;215;0m1[38;2;65;219;0m0[38;2;0;142;14m1[38;2;0;93;18m0[38;2;0;148;31m1[38;2;0;129;22m0[38;2;4;190;35m1[38;2;1;182;10m0[38;2;12;194;15m1[38;2;2;150;7m0[38;2;16;172;3m1[38;2;24;215;15m0[38;2;23;202;7m1[38;2;36;213;10m0[38;2;4;158;2m1[38;2;16;196;12m0[38;2;9;172;0m1[38;2;12;182;0m0[38;2;12;204;9m1[38;2;28;207;0m0[38;2;31;207;0m1[38;2;5;174;0m0[38;2;11;191;0m1[38;2;12;193;0m0[38;2;20;190;0m1[38;2;4;170;0m0[38;2;5;169;0m1[38;2;11;183;0m0[38;2;7;147;0m1[38;2;0;0;0m0[38;2;52;22;81m1[38;2;214;190;240m0[38;2;238;214;255m1[38;2;255;255;255m010101010101
0101010[38;2;230;204;253m1[38;2;0;0;0m0[38;2;0;21;0m1[38;2;27;185;0m0[38;2;15;177;0m1[38;2;35;186;0m0[38;2;55;202;0m1[38;2;87;214;0m0[38;2;116;225;0m1[38;2;100;207;0m0[38;2;98;232;0m1[38;2;115;232;0m0[38;2;161;252;0m1[38;2;204;255;0m0[38;2;241;255;0m1[38;2;159;228;0m0[38;2;150;220;0m1[38;2;165;253;0m0[38;2;134;245;0m1[38;2;69;217;0m0[38;2;56;224;0m1[38;2;7;178;0m0[38;2;16;186;2m1[38;2;0;168;0m0[38;2;21;195;19m1[38;2;0;25;0m0[38;2;0;0;0m1[38;2;0;80;0m0[38;2;51;220;19m1[38;2;60;214;7m0[38;2;0;141;32m1[38;2;0;104;33m0[38;2;0;141;21m1[38;2;3;184;46m0[38;2;0;168;23m1[38;2;5;189;24m0[38;2;6;177;10m1[38;2;6;145;7m0[38;2;10;174;17m1[38;2;26;216;20m0[38;2;25;205;8m1[38;2;45;214;7m0[38;2;21;162;0m1[38;2;39;221;15m0[38;2;34;199;0m1[38;2;47;214;4m0[38;2;23;192;2m1[38;2;55;214;6m0[38;2;24;195;0m1[38;2;17;208;0m0[38;2;4;185;5m1[38;2;38;207;0m0[38;2;47;188;0m1[38;2;32;180;0m0[38;2;20;174;0m1[38;2;58;201;0m0[38;2;16;137;0m1[38;2;0;0;0m0[38;2;0;0;32m1[38;2;247;222;255m0[38;2;255;255;255m1010101010101
0101010[38;2;177;154;202m1[38;2;0;0;0m0[38;2;0;92;0m1[38;2;7;193;0m0[38;2;11;183;0m1[38;2;33;197;0m0[38;2;31;190;0m1[38;2;38;186;0m0[38;2;84;223;0m1[38;2;90;219;0m0[38;2;126;244;0m1[38;2;95;216;0m0[38;2;143;255;0m1[38;2;156;255;0m0[38;2;170;255;0m1[38;2;173;255;0m0[38;2;144;195;0m1[38;2;183;255;0m0[38;2;122;210;0m1[38;2;101;224;0m0[38;2;86;232;0m1[38;2;45;217;0m0[38;2;12;161;0m1[38;2;43;213;7m0[38;2;17;183;3m1[38;2;0;19;0m0[38;2;0;0;0m1[38;2;0;89;11m0[38;2;44;223;21m1[38;2;66;224;12m0[38;2;0;136;24m1[38;2;0;149;53m0[38;2;0;110;14m1[38;2;0;160;25m0[38;2;0;125;12m1[38;2;7;161;27m0[38;2;17;205;28m1[38;2;10;167;22m0[38;2;0;159;18m1[38;2;29;188;13m0[38;2;20;183;11m1[38;2;36;204;18m0[38;2;50;231;14m1[38;2;54;223;14m0[38;2;51;227;4m1[38;2;56;225;0m0[38;2;50;194;0m1[38;2;80;230;0m0[38;2;75;223;0m1[38;2;44;204;0m0[38;2;21;181;0m1[38;2;83;231;0m0[38;2;93;214;0m1[38;2;61;204;0m0[38;2;39;206;0m1[38;2;65;206;0m0[38;2;0;73;1m1[38;2;0;0;0m0[38;2;184;157;215m1[38;2;255;255;255m01010101010101
0101010[38;2;238;215;255m1[38;2;0;0;0m0[38;2;0;65;0m1[38;2;0;174;0m0[38;2;0;158;0m1[38;2;4;177;0m0[38;2;16;169;0m1[38;2;26;174;0m0[38;2;58;216;0m1[38;2;40;193;0m0[38;2;93;226;0m1[38;2;117;244;0m0[38;2;103;215;0m1[38;2;122;227;0m0[38;2;132;252;0m1[38;2;143;248;0m0[38;2;152;249;0m1[38;2;185;255;0m0[38;2;153;246;0m1[38;2;156;255;0m0[38;2;90;227;0m1[38;2;39;181;0m0[38;2;56;210;6m1[38;2;25;184;0m0[38;2;51;224;22m1[38;2;0;6;0m0[38;2;0;0;0m1[38;2;9;134;30m0[38;2;49;233;16m1[38;2;74;227;0m0[38;2;0;104;27m1[38;2;0;115;38m0[38;2;5;162;41m1[38;2;0;141;30m0[38;2;7;160;39m1[38;2;0;74;14m0[38;2;1;144;20m1[38;2;0;118;13m0[38;2;3;129;5m1[38;2;6;123;0m0[38;2;25;186;22m1[38;2;39;210;20m0[38;2;13;189;13m1[38;2;39;221;15m0[38;2;46;185;0m1[38;2;68;223;0m0[38;2;85;235;0m1[38;2;100;244;0m0[38;2;134;255;0m1[38;2;99;202;0m0[38;2;99;225;0m1[38;2;98;233;0m0[38;2;98;216;0m1[38;2;56;206;0m0[38;2;58;208;0m1[38;2;43;196;1m0[38;2;0;12;0m1[38;2;0;0;0m0[38;2;245;223;255m1[38;2;255;255;255m01010101010101
0101010[38;2;253;226;255m1[38;2;0;0;0m0[38;2;0;115;0m1[38;2;0;183;0m0[38;2;0;168;0m1[38;2;5;184;0m0[38;2;11;181;0m1[38;2;15;173;0m0[38;2;39;206;0m1[38;2;49;213;0m0[38;2;33;201;0m1[38;2;79;224;0m0[38;2;90;203;0m1[38;2;94;203;0m0[38;2;131;255;0m1[38;2;143;255;0m0[38;2;148;255;0m1[38;2;169;255;0m0[38;2;172;255;0m1[38;2;115;221;0m0[38;2;82;193;0m1[38;2;61;182;0m0[38;2;24;122;0m1[38;2;8;138;0m0[38;2;13;143;0m1[38;2;4;95;0m0[38;2;0;0;0m1[38;2;8;122;23m0[38;2;43;224;18m1[38;2;83;241;6m0[38;2;0;23;0m1[38;2;0;52;31m0[38;2;0;119;30m1[38;2;0;95;7m0[38;2;6;162;42m1[38;2;0;0;0m0[38;2;0;12;0m1[38;2;0;0;0m0[38;2;0;62;9m1[38;2;0;39;0m0[38;2;25;190;22m1[38;2;0;89;0m0[38;2;0;141;11m1[38;2;5;116;3m0[38;2;38;144;15m1[38;2;85;213;0m0[38;2;115;247;0m1[38;2;121;246;0m0[38;2;112;225;0m1[38;2;157;255;0m0[38;2;144;255;0m1[38;2;140;247;0m0[38;2;134;244;0m1[38;2;68;208;0m0[38;2;118;250;0m1[38;2;56;200;12m0[38;2;0;0;0m10[38;2;217;205;255m1[38;2;255;255;255m01010101010101
0101010[38;2;238;211;255m1[38;2;0;0;0m0[38;2;0;112;0m1[38;2;0;180;0m0[38;2;0;153;0m1[38;2;0;155;0m0[38;2;0;176;0m1[38;2;12;185;0m0[38;2;0;170;0m1[38;2;22;196;0m0[38;2;0;175;0m1[38;2;3;170;0m0[38;2;45;224;0m1[38;2;39;211;0m0[38;2;58;220;0m1[38;2;86;247;0m0[38;2;119;251;0m1[38;2;150;255;0m0[38;2;141;247;0m1[38;2;128;251;0m0[38;2;117;212;0m1[38;2;60;146;0m0[38;2;59;140;0m1[38;2;7;81;0m0[38;2;0;51;0m1[38;2;0;0;0m01[38;2;0;79;11m0[38;2;43;216;30m1[38;2;86;255;20m0[38;2;13;53;0m1[38;2;0;0;0m0[38;2;0;85;32m1[38;2;0;0;0m0[38;2;0;22;6m1[38;2;0;0;0m01010[38;2;0;22;0m1[38;2;0;15;0m0[38;2;0;102;14m1[38;2;0;42;0m0[38;2;118;240;0m1[38;2;95;188;0m0[38;2;145;249;0m1[38;2;157;247;0m0[38;2;132;240;0m1[38;2;131;237;0m0[38;2;134;241;0m1[38;2;130;236;0m0[38;2;92;202;0m1[38;2;96;222;0m0[38;2;101;239;0m1[38;2;0;91;0m0[38;2;0;0;0m10[38;2;206;189;244m1[38;2;255;255;255m01010101010101
01010101[38;2;0;0;13m0[38;2;0;13;0m1[38;2;0;167;0m0[38;2;0;142;0m1[38;2;0;151;0m0[38;2;0;165;0m1[38;2;0;128;0m0[38;2;0;153;0m1[38;2;0;158;0m0[38;2;4;195;0m1[38;2;0;127;0m0[38;2;0;174;0m1[38;2;11;205;0m0[38;2;3;172;0m1[38;2;16;175;0m0[38;2;51;223;0m1[38;2;75;238;0m0[38;2;86;231;0m1[38;2;59;215;0m0[38;2;80;218;0m1[38;2;74;196;0m0[38;2;25;120;0m1[38;2;8;59;0m0[38;2;0;0;0m101[38;2;0;31;0m0[38;2;28;192;22m1[38;2;62;242;14m0[38;2;66;185;0m1[38;2;0;0;0m0[38;2;0;19;16m1[38;2;0;0;0m010101010[38;2;0;6;0m1[38;2;51;170;34m0[38;2;20;66;0m1[38;2;127;188;0m0[38;2;173;255;0m1[38;2;145;211;0m0[38;2;160;255;0m1[38;2;101;209;0m0[38;2;124;240;0m1[38;2;98;230;0m0[38;2;93;226;0m1[38;2;117;251;0m0[38;2;43;171;0m1[38;2;0;0;0m01[38;2;115;95;150m0[38;2;255;255;255m101010101010101
01010101[38;2;228;203;255m0[38;2;0;0;0m1[38;2;0;138;0m0[38;2;0;129;0m1[38;2;0;136;0m0[38;2;0;169;0m1[38;2;0;161;0m0[38;2;0;162;0m1[38;2;0;165;0m0[38;2;0;180;0m1[38;2;0;149;0m0[38;2;0;146;0m1[38;2;5;191;0m0[38;2;3;181;0m1[38;2;0;160;0m0[38;2;15;193;0m1[38;2;23;198;0m0[38;2;14;162;0m1[38;2;21;141;0m0[38;2;4;107;0m1[38;2;0;46;0m0[38;2;0;2;0m1[38;2;0;0;0m01010[38;2;12;152;35m1[38;2;26;212;15m0[38;2;101;255;32m1[38;2;35;38;0m0[38;2;0;0;0m101010101010[38;2;12;45;0m1[38;2;114;179;0m0[38;2;105;148;0m1[38;2;80;183;0m0[38;2;140;255;0m1[38;2;121;247;0m0[38;2;86;218;0m1[38;2;81;233;0m0[38;2;151;255;0m1[38;2;115;247;0m0[38;2;1;113;0m1[38;2;0;0;0m0[38;2;7;0;54m1[38;2;246;227;255m0[38;2;255;255;255m101010101010101
01010101[38;2;230;206;251m0[38;2;0;0;0m1[38;2;0;17;0m0[38;2;0;170;0m1[38;2;0;149;0m0[38;2;0;126;0m1[38;2;0;139;0m0[38;2;0;144;0m1[38;2;0;160;0m0[38;2;0;137;0m1[38;2;0;170;0m0[38;2;0;167;0m1[38;2;0;176;0m0[38;2;0;179;0m1[38;2;0;172;0m0[38;2;0;169;0m1[38;2;18;197;0m0[38;2;25;204;0m1[38;2;24;175;0m0[38;2;7;131;0m1[38;2;0;102;0m0[38;2;0;32;0m1[38;2;0;0;0m010101[38;2;15;177;32m0[38;2;33;219;13m1[38;2;154;255;51m0[38;2;68;47;6m1[38;2;0;0;0m01010101010[38;2;0;45;0m1[38;2;24;61;0m0[38;2;0;51;0m1[38;2;96;250;0m0[38;2;92;235;0m1[38;2;121;252;0m0[38;2;94;239;0m1[38;2;161;255;0m0[38;2;185;255;0m1[38;2;105;220;0m0[38;2;0;0;0m10[38;2;0;0;44m1[38;2;255;244;255m0[38;2;255;255;255m101010101010101
01010101[38;2;227;204;250m0[38;2;13;0;48m1[38;2;0;0;0m0[38;2;0;93;0m1[38;2;0;146;0m0[38;2;0;97;0m1[38;2;0;84;0m0[38;2;0;143;0m1[38;2;0;146;0m0[38;2;0;121;0m1[38;2;0;142;0m0[38;2;0;139;0m1[38;2;0;132;0m0[38;2;0;164;0m1[38;2;0;163;0m0[38;2;0;152;0m1[38;2;0;173;0m0[38;2;0;176;0m1[38;2;0;156;0m0[38;2;0;147;0m1[38;2;0;83;0m0[38;2;0;0;0m10101010[38;2;0;162;24m1[38;2;13;191;2m0[38;2;147;255;43m1[38;2;190;231;58m0[38;2;161;170;39m1[38;2;170;172;32m0[38;2;168;167;27m1[38;2;0;0;0m010101010[38;2;48;151;4m1[38;2;80;188;0m0[38;2;93;203;0m1[38;2;71;231;0m0[38;2;126;237;0m1[38;2;199;255;0m0[38;2;143;255;0m1[38;2;0;40;0m0[38;2;0;0;0m1[38;2;0;0;34m0[38;2;255;255;255m10101010101010101
010101010[38;2;230;206;246m1[38;2;0;0;0m01[38;2;0;99;9m0[38;2;0;108;0m1[38;2;0;93;0m0[38;2;0;100;0m1[38;2;0;129;0m0[38;2;0;140;0m1[38;2;0;113;0m0[38;2;0;112;0m1[38;2;0;123;0m0[38;2;0;132;0m1[38;2;0;139;0m0[38;2;0;140;0m1[38;2;0;142;0m0[38;2;0;109;0m1[38;2;0;71;0m0[38;2;0;0;0m1010101010[38;2;10;114;0m1[38;2;64;223;0m0[38;2;57;216;0m1[38;2;59;237;0m0[38;2;78;255;0m1[38;2;80;244;5m0[38;2;131;255;24m1[38;2;175;255;17m0[38;2;104;184;15m1[38;2;0;0;0m0101010[38;2;0;28;0m1[38;2;0;31;0m0[38;2;45;190;0m1[38;2;110;249;0m0[38;2;186;255;0m1[38;2;135;255;0m0[38;2;9;103;0m1[38;2;0;0;0m01[38;2;173;151;222m0[38;2;255;255;255m10101010101010101
0101010101[38;2;183;165;210m0[38;2;0;0;0m10[38;2;0;40;0m1[38;2;0;44;0m0[38;2;0;47;0m1[38;2;0;64;0m0[38;2;0;73;0m1[38;2;0;46;0m0[38;2;0;27;0m1[38;2;0;66;0m0[38;2;0;43;0m1[38;2;0;62;0m0[38;2;0;53;0m1[38;2;0;45;0m0[38;2;0;24;0m1[38;2;0;0;0m01010101[38;2;0;66;0m0[38;2;64;180;13m1[38;2;45;199;0m0[38;2;80;201;0m1[38;2;190;255;0m0[38;2;182;255;0m1[38;2;221;255;23m0[38;2;106;207;14m1[38;2;45;213;14m0[38;2;0;150;15m1[38;2;33;196;13m0[38;2;85;246;0m1[38;2;112;156;6m0[38;2;0;0;0m1010101[38;2;9;117;0m0[38;2;144;255;0m1[38;2;255;255;0m0[38;2;151;255;0m1[38;2;19;119;0m0[38;2;0;0;23m1[38;2;0;0;0m0[38;2;161;140;207m1[38;2;255;255;255m010101010101010101
01010101010[38;2;197;175;220m1[38;2;0;0;18m0[38;2;0;0;0m101010101010101010[38;2;13;109;0m1[38;2;40;187;0m0[38;2;0;115;0m1[38;2;20;125;0m0[38;2;92;141;0m1[38;2;206;250;56m0[38;2;226;255;8m1[38;2;255;255;30m0[38;2;231;254;40m1[38;2;209;223;15m0[38;2;200;246;37m1[38;2;7;137;0m0[38;2;37;179;25m1[38;2;0;75;16m0[38;2;15;172;24m1[38;2;61;227;18m0[38;2;50;145;0m1[38;2;0;0;0m0101[38;2;0;8;0m0[38;2;68;168;0m1[38;2;255;255;0m01[38;2;196;255;0m0[38;2;35;137;0m1[38;2;0;0;9m0[38;2;0;0;36m1[38;2;247;229;255m0[38;2;255;255;255m1010101010101010101
010101010101[38;2;148;133;182m0[38;2;26;2;54m1[38;2;0;0;0m01010101010101[38;2;67;143;4m0[38;2;38;108;0m1[38;2;90;194;0m0[38;2;139;255;0m1[38;2;37;174;0m0[38;2;145;218;7m1[38;2;255;255;41m0[38;2;254;255;0m1[38;2;255;255;8m0[38;2;216;233;20m1[38;2;130;178;26m0[38;2;171;187;9m1[38;2;101;210;9m0[38;2;38;135;0m1[38;2;105;202;24m0[38;2;0;51;0m1[38;2;0;87;20m0[38;2;0;7;0m1[38;2;0;151;19m0[38;2;52;247;9m1[38;2;61;226;0m0[38;2;29;141;0m1[38;2;25;86;0m0[38;2;81;136;0m1[38;2;248;255;0m0[38;2;255;255;0m10[38;2;151;230;0m1[38;2;0;73;0m0[38;2;0;0;0m10[38;2;130;106;171m1[38;2;255;238;255m0[38;2;255;255;255m1[38;2;255;101;135m0[38;2;255;0;0m101[38;2;202;0;0m0[38;2;234;21;54m1[38;2;255;255;255m010101010101
01010101010101[38;2;197;170;232m0[38;2;69;43;101m1[38;2;25;4;58m0[38;2;56;34;91m1[38;2;0;0;0m01010[38;2;36;8;60m1[38;2;147;114;178m0[38;2;120;127;142m1[38;2;95;166;0m0[38;2;172;238;0m1[38;2;255;255;0m01[38;2;223;255;0m0[38;2;76;207;0m1[38;2;64;223;4m0[38;2;61;187;0m1[38;2;0;83;0m0[38;2;0;84;0m1[38;2;107;204;0m0[38;2;121;226;0m1[38;2;0;0;61m0[38;2;0;30;1m1[38;2;116;255;0m0[38;2;0;82;7m1[38;2;50;87;32m0[38;2;0;10;0m1[38;2;0;0;0m010[38;2;0;98;8m1[38;2;0;158;2m0[38;2;30;201;0m1[38;2;88;246;0m0[38;2;159;255;0m1[38;2;169;225;0m0[38;2;114;173;0m1[38;2;0;49;0m0[38;2;0;0;0m10[38;2;29;0;79m1[38;2;105;74;153m0[38;2;255;255;255m10[38;2;255;0;0m101[38;2;147;0;0m0[38;2;0;0;0m10[38;2;16;0;0m1[38;2;130;0;0m0[38;2;255;255;255m10101010101
0101010101010101010[38;2;255;243;255m1[38;2;255;255;255m010[38;2;242;255;187m1[38;2;145;197;49m0[38;2;61;168;4m1[38;2;20;110;16m0[38;2;0;43;0m1[38;2;39;85;0m0[38;2;192;253;0m1[38;2;227;255;0m0[38;2;27;204;0m1[38;2;0;116;3m0[38;2;0;0;0m1010[38;2;27;128;0m1[38;2;138;255;0m0[38;2;52;161;0m1[38;2;6;116;0m0[38;2;59;189;4m1[38;2;0;70;0m0[38;2;57;243;17m1[38;2;0;64;5m0[38;2;47;60;30m1[38;2;0;0;0m0[38;2;0;34;0m1[38;2;0;122;19m0[38;2;0;75;20m1[38;2;0;0;0m010101[38;2;0;0;25m0[38;2;165;154;216m1[38;2;249;227;255m0[38;2;255;248;255m1[38;2;255;0;0m010[38;2;85;0;0m1[38;2;0;0;0m0[38;2;76;133;0m1[38;2;126;219;0m0[38;2;46;205;17m1[38;2;0;85;0m0[38;2;150;144;160m1[38;2;255;255;255m0101010101
01010101010101010101010[38;2;83;10;66m1[38;2;6;100;0m0[38;2;0;99;55m1[38;2;0;0;86m0[38;2;0;0;0m10[38;2;0;0;22m1[38;2;82;194;0m0[38;2;60;202;3m1[38;2;0;0;0m0[38;2;9;0;0m1[38;2;0;0;0m0101[38;2;36;141;0m0[38;2;9;86;0m1[38;2;0;0;0m0[38;2;36;192;2m1[38;2;7;93;0m0[38;2;18;114;17m1[38;2;0;115;11m0[38;2;0;35;22m1[38;2;0;46;7m0[38;2;0;38;3m1[38;2;1;64;7m0[38;2;0;115;19m1[38;2;0;12;0m0[38;2;0;0;0m1010[38;2;25;4;82m1[38;2;72;50;146m0[38;2;128;101;202m1[38;2;0;35;41m0[38;2;124;0;0m1[38;2;255;0;0m01[38;2;132;0;0m0[38;2;0;4;0m1[38;2;255;255;0m0101[38;2;138;255;0m0[38;2;27;168;0m1[38;2;113;165;163m0[38;2;255;255;255m101010101
010101010101010101010[38;2;102;95;85m1[38;2;223;0;0m0[38;2;246;0;0m1[38;2;1;99;0m0[38;2;0;0;70m1[38;2;46;0;0m0[38;2;0;0;0m101[38;2;0;7;0m0[38;2;1;125;0m1[38;2;43;0;0m0[38;2;238;0;0m1[38;2;176;45;116m0[38;2;202;156;230m1[38;2;243;122;223m0[38;2;141;0;121m1[38;2;0;0;0m0[38;2;75;219;16m1[38;2;0;58;0m0[38;2;154;201;0m1[38;2;255;255;0m01[38;2;240;255;0m0[38;2;31;109;8m1[38;2;0;89;19m0[38;2;0;59;2m1[38;2;0;69;14m0[38;2;0;95;24m1[38;2;0;0;0m0101010[38;2;80;137;0m1[38;2;106;140;0m0[38;2;255;0;0m101[38;2;0;0;0m0[38;2;255;255;0m10101[38;2;239;255;0m0[38;2;99;221;0m1[38;2;0;137;0m0[38;2;67;104;116m1[38;2;255;255;255m01010101
01010101010101010101[38;2;117;177;48m0[38;2;172;70;0m1[38;2;255;0;0m0[38;2;206;0;0m1[38;2;66;110;94m0[38;2;181;135;203m1[38;2;255;173;237m0[38;2;255;219;255m1[38;2;255;183;255m0[38;2;255;41;174m1[38;2;28;0;0m0[38;2;104;150;127m1[38;2;255;255;255m01010[38;2;255;186;255m1[38;2;60;0;35m0[38;2;36;187;0m1[38;2;170;255;0m0[38;2;255;255;0m1[38;2;146;187;0m0[38;2;21;88;0m1[38;2;82;163;0m0[38;2;174;255;0m1[38;2;74;136;0m0[38;2;0;0;0m1[38;2;0;79;0m0[38;2;0;46;5m1[38;2;0;0;0m0101[38;2;0;12;0m0[38;2;110;190;0m1[38;2;227;255;0m0[38;2;232;255;0m1[38;2;198;21;0m0[38;2;255;0;0m10[38;2;49;0;0m1[38;2;114;181;0m0[38;2;255;255;0m1010[38;2;222;255;0m1[38;2;205;255;0m0[38;2;138;225;0m1[38;2;63;212;0m0[38;2;0;113;0m1[38;2;255;255;255m01010101
0101010101010101010[38;2;72;105;49m1[38;2;123;238;0m0[38;2;239;0;0m1[38;2;255;0;0m0[38;2;255;249;255m1[38;2;255;255;255m01010[38;2;255;200;255m1[38;2;255;168;255m0[38;2;255;255;255m1010101[38;2;223;57;184m0[38;2;3;94;0m1[38;2;193;255;0m0[38;2;28;93;0m1[38;2;0;0;83m01[38;2;0;0;75m0[38;2;0;0;10m1[38;2;86;220;0m0[38;2;0;80;0m1[38;2;0;0;0m0[38;2;0;32;0m1[38;2;0;0;0m010[38;2;42;156;0m1[38;2;147;255;0m0[38;2;199;255;0m1[38;2;206;255;0m0[38;2;187;243;0m1[38;2;255;0;0m010[38;2;0;0;0m1[38;2;215;255;0m0[38;2;229;255;0m1[38;2;238;255;0m0[38;2;255;255;0m1[38;2;243;255;0m0[38;2;244;255;0m1[38;2;197;255;0m0[38;2;128;254;0m1[38;2;91;241;0m0[38;2;5;170;0m1[38;2;0;67;43m0[38;2;255;255;255m1010101
0101010[38;2;187;173;206m1[38;2;70;50;93m0[38;2;51;37;76m1[38;2;100;91;131m0[38;2;255;255;255m1010101[38;2;215;217;248m0[38;2;60;173;0m1[38;2;112;172;0m0[38;2;227;0;0m1[38;2;255;255;255m010101010[38;2;198;147;196m1[38;2;183;129;189m0[38;2;255;255;255m10101[38;2;255;89;224m0[38;2;12;35;0m1[38;2;84;255;0m0[38;2;0;0;0m101010[38;2;108;247;0m1[38;2;7;72;0m0[38;2;0;22;0m1[38;2;1;128;4m0[38;2;26;139;0m1[38;2;94;217;0m0[38;2;160;255;0m1[38;2;150;255;0m0[38;2;146;255;0m1[38;2;169;255;0m0[38;2;168;114;0m1[38;2;255;0;0m01[38;2;161;0;0m0[38;2;20;120;0m1[38;2;173;255;0m0[38;2;102;239;0m1[38;2;105;245;0m0[38;2;138;255;0m1[38;2;159;255;0m0[38;2;158;255;0m1[38;2;183;255;0m0[38;2;92;226;0m1[38;2;88;236;0m0[38;2;41;209;0m1[38;2;0;78;0m0[38;2;151;153;218m1[38;2;255;255;255m010101
010101[38;2;61;47;82m0[38;2;0;0;0m1[38;2;139;113;160m0[38;2;238;215;249m1[38;2;69;50;90m0[38;2;0;0;0m1[38;2;240;237;255m0[38;2;255;255;255m10101[38;2;83;131;81m0[38;2;50;212;0m1[38;2;88;75;0m0[38;2;255;114;174m1[38;2;246;167;208m0[38;2;126;61;114m1[38;2;95;0;45m0[38;2;255;255;255m10101[38;2;235;76;96m0[38;2;232;206;255m1[38;2;38;0;0m0[38;2;255;156;200m1[38;2;255;255;255m0101[38;2;255;204;255m0[38;2;29;22;0m1[38;2;107;255;0m0[38;2;39;145;0m1[38;2;0;24;0m0[38;2;33;0;0m1[38;2;112;0;0m0[38;2;0;0;0m10[38;2;0;3;0m1[38;2;0;0;0m0[38;2;0;33;0m1[38;2;39;236;0m0[38;2;94;255;0m1[38;2;147;255;0m0[38;2;177;255;0m1[38;2;159;255;0m0[38;2;124;255;0m1[38;2;118;255;0m0[38;2;175;0;0m1[38;2;255;0;0m01[38;2;43;0;0m0[38;2;30;210;0m1[38;2;73;248;0m0[38;2;70;251;0m1[38;2;80;246;0m0[38;2;65;237;0m1[38;2;66;224;0m0[38;2;109;247;0m1[38;2;135;255;0m0[38;2;96;235;0m1[38;2;46;204;0m0[38;2;21;195;0m1[38;2;7;166;1m0[38;2;0;25;0m1[38;2;113;160;137m0[38;2;255;255;255m10101
010101[38;2;0;0;0m01[38;2;79;55;111m0[38;2;138;110;160m1[38;2;223;213;251m0[38;2;0;0;0m10[38;2;255;255;255m10101[38;2;0;79;0m0[38;2;16;196;0m1[38;2;93;37;0m0[38;2;255;145;199m1[38;2;255;52;3m0[38;2;166;5;4m1[38;2;117;0;0m0[38;2;255;255;255m10101[38;2;255;107;56m0[38;2;147;0;0m1[38;2;199;0;0m0[38;2;255;207;232m1[38;2;255;255;255m0101[38;2;255;169;255m0[38;2;51;4;0m1[38;2;199;255;0m0[38;2;60;155;0m1[38;2;0;51;0m0[38;2;31;150;0m1[38;2;132;0;0m0[38;2;150;0;0m1[38;2;15;91;0m0[38;2;0;62;51m1[38;2;0;0;0m0[38;2;0;43;0m1[38;2;67;233;0m0[38;2;72;245;0m1[38;2;81;251;0m0[38;2;129;255;0m1[38;2;131;255;0m0[38;2;103;255;0m1[38;2;97;255;0m0[38;2;220;0;0m1[38;2;255;0;0m01[38;2;0;0;0m0[38;2;0;220;2m1[38;2;0;198;0m0[38;2;0;159;0m1[38;2;0;200;0m0[38;2;46;248;0m1[38;2;43;231;0m0[38;2;45;224;0m1[38;2;76;245;0m0[38;2;74;255;0m1[38;2;26;223;0m0[38;2;16;220;0m1[38;2;0;179;0m0[38;2;0;61;0m1[38;2;80;206;0m0[38;2;136;195;137m1[38;2;255;255;255m0101
01010[38;2;214;216;248m1[38;2;0;0;0m01[38;2;0;0;22m0[38;2;0;0;0m1010[38;2;255;255;255m1010[38;2;97;125;130m1[38;2;0;100;0m0[38;2;25;215;0m1[38;2;137;0;0m0[38;2;255;0;34m1[38;2;255;255;255m0[38;2;255;106;51m1[38;2;255;231;251m0[38;2;255;255;255m10101[38;2;255;226;255m0[38;2;255;228;207m1[38;2;255;255;252m0[38;2;255;255;255m10101[38;2;255;170;255m0[38;2;72;17;0m1[38;2;156;255;0m0[38;2;62;194;0m1[38;2;33;178;0m0[38;2;35;227;0m1[38;2;101;68;0m0[38;2;168;0;0m1[38;2;149;0;0m0[38;2;41;135;3m1[38;2;10;164;0m0[38;2;0;117;3m1[38;2;1;173;0m0[38;2;60;235;0m1[38;2;65;255;0m0[38;2;53;255;0m1[38;2;79;255;0m0[38;2;78;255;0m1[38;2;29;154;0m0[38;2;255;0;0m101[38;2;0;26;0m0[38;2;0;214;0m1[38;2;0;174;0m0[38;2;0;78;0m1[38;2;0;57;0m0[38;2;0;215;0m1[38;2;4;202;0m0[38;2;21;227;0m1[38;2;31;238;0m0[38;2;25;226;0m1[38;2;5;213;0m0[38;2;1;208;0m1[38;2;0;185;0m0[38;2;0;53;0m1[38;2;136;240;0m0[38;2;134;255;0m1[38;2;35;97;99m0[38;2;255;255;255m101
010101[38;2;9;15;108m0[38;2;0;0;0m10[38;2;0;0;13m1[38;2;0;0;0m01[38;2;35;0;58m0[38;2;255;255;255m1010[38;2;6;43;10m1[38;2;0;70;0m0[38;2;0;149;0m1[38;2;144;0;0m0[38;2;255;0;0m1[38;2;255;26;59m0[38;2;255;255;255m10101[38;2;255;188;255m0[38;2;255;86;225m1[38;2;160;0;35m0[38;2;211;225;222m1[38;2;255;255;255m0101[38;2;255;227;255m0[38;2;255;135;255m1[38;2;255;41;204m0[38;2;62;32;0m1[38;2;250;255;0m0[38;2;113;237;0m1[38;2;0;87;0m0[38;2;56;250;0m1[38;2;59;89;0m0[38;2;255;63;80m1[38;2;94;0;0m0[38;2;176;0;0m1[38;2;16;96;0m0[38;2;30;230;0m1[38;2;47;211;0m0[38;2;24;199;0m1[38;2;47;211;3m0[38;2;19;139;7m1[38;2;20;216;0m0[38;2;56;255;0m1[38;2;30;193;0m0[38;2;248;0;0m1[38;2;255;0;0m01[38;2;0;82;0m0[38;2;0;226;0m1[38;2;0;150;0m0[38;2;0;52;0m1[38;2;0;0;0m0[38;2;0;7;0m1[38;2;0;87;0m0[38;2;0;192;0m1[38;2;0;244;0m0[38;2;8;221;0m1[38;2;6;227;0m0[38;2;0;192;0m1[38;2;0;183;0m0[38;2;0;109;0m1[38;2;90;208;0m0[38;2;188;255;0m1[38;2;45;179;0m0[38;2;208;251;255m1[38;2;255;255;255m01
0101010[38;2;116;70;113m1[38;2;36;0;40m0[38;2;0;0;5m1[38;2;0;0;0m01[38;2;95;124;27m0[38;2;232;255;96m1[38;2;194;249;11m0[38;2;215;255;0m1[38;2;255;255;0m0[38;2;162;221;0m1[38;2;90;179;0m0[38;2;94;176;0m1[38;2;169;51;0m0[38;2;255;0;0m10[38;2;119;0;0m1[38;2;4;61;32m0[38;2;64;133;53m1[38;2;152;0;24m0[38;2;132;0;47m1[38;2;46;0;51m0[38;2;114;12;48m1[38;2;157;131;34m0[38;2;207;255;23m1[38;2;13;107;0m0[38;2;101;0;21m1[38;2;194;0;34m0[38;2;46;0;52m1[38;2;42;0;40m0[38;2;56;0;22m1[38;2;12;0;0m0[38;2;26;73;0m1[38;2;110;255;0m0[38;2;0;22;0m1[38;2;0;42;0m0[38;2;46;203;0m1[38;2;115;0;0m0[38;2;255;104;68m1[38;2;244;123;110m0[38;2;32;0;0m1[38;2;162;0;0m0[38;2;0;129;0m1[38;2;81;196;13m0[38;2;0;43;0m1[38;2;0;127;30m0[38;2;0;0;18m1[38;2;0;157;0m0[38;2;14;216;0m1[38;2;6;202;0m0[38;2;216;0;0m1[38;2;255;0;0m01[38;2;0;85;0m0[38;2;0;186;0m1[38;2;0;178;0m0[38;2;0;100;0m1[38;2;0;0;0m010[38;2;0;1;0m1[38;2;0;137;0m0[38;2;0;215;0m1[38;2;0;212;0m0[38;2;0;214;0m1[38;2;0;187;0m0[38;2;0;125;11m1[38;2;23;183;0m0[38;2;160;255;0m1[38;2;119;255;0m0[38;2;11;119;26m1[38;2;255;255;255m01
01010101010[38;2;234;224;246m1[38;2;43;70;61m0[38;2;29;57;0m1[38;2;18;41;0m0[38;2;0;0;0m1[38;2;13;78;0m0[38;2;45;198;0m1[38;2;51;205;0m0[38;2;100;180;0m1[38;2;108;255;0m0[38;2;106;216;0m1[38;2;128;140;0m0[38;2;94;65;0m1[38;2;46;117;0m0[38;2;102;209;0m1[38;2;126;121;0m0[38;2;233;182;0m1[38;2;59;82;0m0[38;2;255;255;7m1[38;2;255;255;56m0[38;2;191;239;12m1[38;2;59;255;0m0[38;2;80;29;0m1[38;2;255;0;0m0[38;2;0;0;0m1010[38;2;124;234;0m1[38;2;0;110;0m0[38;2;0;0;0m1[38;2;96;253;0m0[38;2;62;134;0m1[38;2;255;0;0m0[38;2;241;0;0m1[38;2;255;255;255m0[38;2;124;97;104m1[38;2;95;0;0m0[38;2;135;0;0m1[38;2;0;114;0m0[38;2;0;0;0m1[38;2;0;91;0m0[38;2;0;89;0m1[38;2;0;39;0m0[38;2;0;131;5m1[38;2;0;152;0m0[38;2;150;0;0m1[38;2;255;0;0m01[38;2;0;57;0m0[38;2;0;168;0m1[38;2;0;92;0m0[38;2;0;86;0m1[38;2;0;0;0m01010[38;2;0;48;0m1[38;2;0;132;0m0[38;2;0;178;0m1[38;2;0;191;0m0[38;2;0;149;0m1[38;2;0;173;0m0[38;2;111;255;0m1[38;2;140;255;0m0[38;2;63;222;0m1[38;2;56;130;154m0[38;2;255;255;255m1
010101010101[38;2;255;248;255m0[38;2;255;255;255m1[38;2;220;144;122m0[38;2;110;0;0m1[38;2;178;43;64m0[38;2;79;0;0m1[38;2;103;0;0m0[38;2;115;96;48m1[38;2;0;19;0m0[38;2;25;132;0m1[38;2;95;211;0m0[38;2;13;151;0m1[38;2;85;195;0m0[38;2;201;241;0m1[38;2;135;211;0m0[38;2;141;239;0m1[38;2;140;234;0m0[38;2;0;91;0m1[38;2;96;233;0m0[38;2;80;200;0m1[38;2;0;40;0m0[38;2;94;249;0m1[38;2;226;94;0m0[38;2;188;0;0m1[38;2;0;0;0m01[38;2;114;116;0m0[38;2;252;255;0m1[38;2;0;79;0m0[38;2;0;70;0m1[38;2;24;214;0m0[38;2;66;0;0m1[38;2;255;208;191m0[38;2;129;0;0m1[38;2;139;7;0m0[38;2;255;255;216m1[38;2;0;0;0m0[38;2;177;0;0m1[38;2;106;15;0m0[38;2;0;94;0m1[38;2;0;64;0m0[38;2;0;153;0m1[38;2;0;5;0m0[38;2;0;0;0m1[38;2;0;85;10m0[38;2;96;0;0m1[38;2;255;0;0m01[38;2;53;0;0m0[38;2;0;201;0m1[38;2;0;156;0m0[38;2;0;101;0m1[38;2;0;0;0m0101[38;2;0;20;0m0[38;2;0;30;0m1[38;2;0;126;0m0[38;2;0;164;0m1[38;2;0;183;0m0[38;2;0;185;0m1[38;2;0;199;0m0[38;2;41;235;0m1[38;2;81;239;0m0[38;2;114;255;0m1[38;2;0;117;2m0[38;2;132;167;226m1
[38;2;255;255;255m010101010101[38;2;255;241;237m0[38;2;255;236;214m1[38;2;74;36;17m0[38;2;200;186;168m1[38;2;255;255;245m0[38;2;64;0;0m1[38;2;255;146;164m0[38;2;255;255;255m1[38;2;113;0;0m0[38;2;176;75;0m1[38;2;59;77;0m0[38;2;0;98;0m1[38;2;3;162;0m0[38;2;41;182;0m1[38;2;36;213;0m0[38;2;0;143;0m1[38;2;0;62;0m0[38;2;9;127;0m1[38;2;13;107;0m0[38;2;0;120;0m1[38;2;0;0;0m0[38;2;29;109;0m1[38;2;101;194;0m0[38;2;215;255;0m1[38;2;239;255;0m0[38;2;255;255;0m10[38;2;74;198;0m1[38;2;0;0;0m0[38;2;21;175;0m1[38;2;0;23;0m0[38;2;203;0;0m1[38;2;255;177;117m0[38;2;255;255;255m1[38;2;15;0;0m0[38;2;125;31;46m1[38;2;77;0;5m0[38;2;44;0;0m1[38;2;255;0;8m0[38;2;33;101;0m1[38;2;36;216;0m0[38;2;0;2;0m1[38;2;0;143;0m0[38;2;0;45;0m1[38;2;0;0;0m0[38;2;14;0;0m1[38;2;255;0;0m01[38;2;211;0;0m0[38;2;0;101;0m1[38;2;0;160;0m0[38;2;0;113;0m1[38;2;0;7;0m0[38;2;0;0;0m1010[38;2;0;113;0m1[38;2;0;189;0m0[38;2;23;217;0m1[38;2;16;213;0m0[38;2;0;183;0m1[38;2;0;181;0m0[38;2;0;167;0m1[38;2;21;231;0m0[38;2;50;229;0m1[38;2;9;193;0m0[38;2;0;66;64m1
[38;2;255;255;255m010101010101[38;2;255;251;255m0[38;2;240;211;223m1[38;2;0;45;22m0[38;2;114;105;51m1[38;2;166;152;50m0[38;2;0;22;0m1[38;2;255;207;192m0[38;2;255;255;255m1[38;2;82;0;0m0[38;2;255;255;209m1[38;2;128;0;0m0[38;2;128;56;34m1[38;2;82;0;0m0[38;2;114;94;2m1[38;2;54;78;0m0[38;2;40;113;0m1[38;2;60;81;0m0[38;2;130;106;1m1[38;2;156;199;37m0[38;2;154;254;0m1[38;2;194;255;0m0[38;2;100;195;0m1[38;2;0;88;0m0[38;2;6;75;0m1[38;2;0;78;0m0[38;2;44;121;0m1[38;2;69;136;9m0[38;2;0;4;17m1[38;2;48;173;18m0[38;2;0;36;0m1[38;2;127;0;0m0[38;2;255;169;176m1[38;2;78;0;0m0[38;2;205;72;41m1[38;2;255;149;103m0[38;2;5;0;0m1[38;2;48;0;0m0[38;2;32;0;0m1[38;2;125;0;0m0[38;2;164;0;0m1[38;2;0;137;0m0[38;2;0;48;0m1[38;2;0;85;0m0[38;2;7;177;0m1[38;2;0;141;0m0[38;2;0;0;0m1[38;2;172;0;0m0[38;2;255;0;0m10[38;2;145;0;0m1[38;2;0;145;0m0[38;2;0;149;0m1[38;2;0;41;0m0[38;2;0;0;0m1010[38;2;0;10;30m1[38;2;0;85;30m0[38;2;0;177;0m1[38;2;97;255;0m0[38;2;81;247;0m1[38;2;30;225;0m0[38;2;0;205;0m1[38;2;0;182;0m0[38;2;0;210;0m1[38;2;9;224;0m0[38;2;0;156;0m1
[38;2;255;255;255m0101010101010[38;2;78;102;126m1[38;2;0;64;0m0[38;2;0;115;0m1[38;2;0;131;0m0[38;2;14;103;0m1[38;2;255;232;211m0[38;2;90;31;37m1[38;2;172;0;0m0[38;2;202;0;0m1[38;2;230;0;0m0[38;2;255;171;153m1[38;2;249;131;140m0[38;2;199;85;96m1[38;2;253;149;177m0[38;2;187;60;43m1[38;2;169;0;0m0[38;2;255;200;193m1[38;2;141;5;13m0[38;2;53;0;0m1[38;2;77;108;0m0[38;2;139;194;0m1[38;2;211;255;0m0[38;2;199;255;25m1[38;2;151;198;0m0[38;2;94;121;0m1[38;2;16;60;28m0[38;2;85;135;10m1[38;2;59;24;0m0[38;2;210;87;107m1[38;2;233;25;23m0[38;2;244;148;128m1[38;2;234;197;182m0[38;2;0;0;0m1[38;2;93;4;0m0[38;2;60;0;0m1[38;2;42;0;0m0[38;2;64;0;0m1[38;2;3;0;0m0[38;2;128;0;0m1[38;2;67;0;0m0[38;2;0;146;9m1[38;2;0;112;0m0[38;2;0;39;0m1[38;2;0;83;0m0[38;2;0;0;0m1[38;2;47;0;0m0[38;2;255;0;0m101[38;2;135;0;0m0[38;2;0;146;0m1[38;2;0;115;0m0[38;2;0;57;0m1[38;2;0;14;0m0[38;2;0;56;0m1[38;2;0;0;0m01[38;2;0;0;102m0[38;2;0;58;106m1[38;2;0;111;0m0[38;2;45;253;0m1[38;2;65;245;0m0[38;2;58;230;0m1[38;2;0;218;0m0[38;2;0;172;0m1[38;2;10;224;0m0[38;2;8;219;0m1
[38;2;255;255;255m010101010101[38;2;180;199;244m0[38;2;0;27;0m1[38;2;0;169;0m0[38;2;0;184;0m1[38;2;0;194;0m0[38;2;34;116;0m1[38;2;20;35;8m0[38;2;0;0;0m1[38;2;255;0;0m01[38;2;245;0;0m0[38;2;217;0;0m1[38;2;201;0;0m0[38;2;205;0;0m1[38;2;255;255;244m0[38;2;37;0;0m1[38;2;248;206;255m0[38;2;255;255;255m1[38;2;112;0;0m0[38;2;182;0;9m1[38;2;255;206;224m0[38;2;110;0;0m1[38;2;88;0;0m0[38;2;114;0;0m1[38;2;182;13;0m0[38;2;241;162;152m1[38;2;159;9;1m0[38;2;255;136;130m1[38;2;182;45;82m0[38;2;246;106;96m1[38;2;255;255;255m0[38;2;0;0;0m1[38;2;182;92;100m0[38;2;0;0;0m10[38;2;4;0;0m1[38;2;34;0;0m0[38;2;33;0;0m1[38;2;22;0;0m0[38;2;0;0;0m1[38;2;54;0;0m0[38;2;75;0;0m1[38;2;31;212;0m0[38;2;26;219;0m1[38;2;0;71;0m0[38;2;0;6;0m1[38;2;0;0;0m0[38;2;255;0;0m1010[38;2;179;0;0m1[38;2;0;121;0m0[38;2;0;173;0m1[38;2;0;112;0m0[38;2;0;79;0m1[38;2;0;100;0m0[38;2;0;39;0m1[38;2;0;0;0m0[38;2;0;0;60m1[38;2;0;10;108m0[38;2;0;131;0m1[38;2;0;207;0m0[38;2;23;242;0m1[38;2;26;250;0m0[38;2;0;204;0m1[38;2;0;221;0m0[38;2;5;231;0m1
[38;2;255;255;255m01010101010[38;2;233;255;255m1[38;2;0;23;0m0[38;2;0;184;0m1[38;2;9;198;0m0[38;2;27;218;0m1[38;2;0;141;0m0[38;2;0;45;0m1[38;2;0;0;0m0[38;2;142;0;0m1[38;2;255;0;0m01010[38;2;248;0;0m1[38;2;200;32;34m0[38;2;26;0;0m1[38;2;255;163;174m0[38;2;220;113;48m1[38;2;24;0;0m0[38;2;132;85;75m1[38;2;255;255;255m0[38;2;29;0;0m1[38;2;0;0;0m01[38;2;165;39;49m0[38;2;255;255;255m1[38;2;144;21;8m0[38;2;179;77;91m1[38;2;40;33;53m0[38;2;0;0;0m1[38;2;255;255;254m0[38;2;0;0;0m10101[38;2;30;0;0m0[38;2;47;0;0m1[38;2;40;0;0m0[38;2;19;0;0m1[38;2;37;0;0m0[38;2;56;0;0m1[38;2;142;0;0m0[38;2;63;242;0m1[38;2;85;255;0m0[38;2;0;112;0m1[38;2;0;0;0m0[38;2;66;0;0m1[38;2;255;0;0m01010[38;2;112;16;0m1[38;2;10;108;0m0[38;2;0;105;0m1[38;2;0;126;0m0[38;2;34;85;0m1[38;2;173;0;0m0[38;2;118;0;0m1[38;2;0;0;0m0[38;2;0;4;122m1[38;2;0;57;23m0[38;2;0;155;0m1[38;2;0;222;0m0[38;2;0;238;0m1[38;2;4;243;0m0[38;2;6;249;0m1
[38;2;255;255;255m0101010101[38;2;227;246;255m0[38;2;0;18;0m1[38;2;0;182;0m0[38;2;0;193;0m1[38;2;21;213;0m0[38;2;0;191;0m1[38;2;0;103;0m0[38;2;0;8;0m1[38;2;0;0;0m0[38;2;255;0;0m101010[38;2;174;0;0m1[38;2;166;43;23m0[38;2;58;4;0m1[38;2;65;0;0m0[38;2;0;0;0m1[38;2;169;73;31m0[38;2;79;0;7m1[38;2;255;174;134m0[38;2;0;0;0m10[38;2;100;0;0m1[38;2;238;181;219m0[38;2;255;255;255m1[38;2;0;0;0m01[38;2;25;0;18m0[38;2;20;0;25m1[38;2;158;98;68m0[38;2;0;0;0m101[38;2;75;0;25m0[38;2;0;0;0m1[38;2;33;0;0m0[38;2;117;0;9m1[38;2;183;112;135m0[38;2;26;0;0m1[38;2;131;14;43m0[38;2;197;164;168m1[38;2;136;0;0m0[38;2;198;0;0m1[38;2;114;235;0m0[38;2;121;255;0m1[38;2;0;115;0m0[38;2;9;0;96m1[38;2;255;0;0m010101010101[38;2;178;0;0m0[38;2;17;0;0m1[38;2;0;0;87m0[38;2;0;0;27m1[38;2;0;137;0m0[38;2;0;218;1m1[38;2;0;223;0m0[38;2;22;255;0m1
[38;2;255;255;255m0101010101[38;2;0;31;16m0[38;2;0;113;0m1[38;2;0;185;0m0[38;2;0;190;0m1[38;2;0;196;0m0[38;2;0;172;0m1[38;2;0;82;0m0[38;2;0;0;0m1[38;2;172;0;0m0[38;2;255;0;0m10[38;2;225;0;0m1[38;2;209;0;0m0[38;2;228;128;0m1[38;2;255;220;64m0[38;2;255;255;94m1[38;2;255;255;98m0[38;2;255;255;93m1[38;2;237;255;115m0[38;2;151;169;84m1[38;2;255;255;128m0[38;2;255;255;143m1[38;2;122;75;68m0[38;2;104;101;65m1[38;2;255;255;150m0[38;2;255;224;89m1[38;2;211;176;178m0[38;2;145;49;13m1[38;2;54;0;0m0[38;2;0;0;0m1[38;2;238;175;214m0[38;2;188;140;116m1[38;2;0;0;0m0[38;2;39;44;90m1[38;2;0;0;0m01[38;2;253;217;204m0[38;2;38;0;0m1[38;2;21;0;0m0[38;2;50;0;0m1[38;2;213;83;75m0[38;2;255;228;212m1[38;2;16;0;0m0[38;2;255;177;168m1[38;2;255;255;255m0[38;2;255;3;0m1[38;2;175;0;0m0[38;2;128;250;0m1[38;2;168;255;0m0[38;2;58;13;0m1[38;2;255;0;0m01010101010101[38;2;90;0;0m0[38;2;0;0;39m1[38;2;0;53;28m0[38;2;0;142;0m1[38;2;0;228;7m0[38;2;0;227;0m1
[38;2;255;255;255m010101010[38;2;116;155;176m1[38;2;0;90;0m0[38;2;0;190;0m1[38;2;2;215;0m0[38;2;0;213;0m1[38;2;0;199;0m0[38;2;0;117;0m1[38;2;0;21;0m0[38;2;11;0;0m1[38;2;255;0;0m01[38;2;161;44;0m0[38;2;231;255;57m1[38;2;255;255;154m0[38;2;255;255;164m1[38;2;255;255;137m0[38;2;255;255;139m1[38;2;255;255;158m0[38;2;255;255;202m1[38;2;255;255;226m0[38;2;255;255;245m1[38;2;255;255;226m0[38;2;255;255;209m1[38;2;255;255;138m0[38;2;255;255;249m1[38;2;255;255;255m0[38;2;255;255;219m1[38;2;203;200;146m0[38;2;255;255;255m1[38;2;255;255;241m0[38;2;44;46;0m1[38;2;255;232;219m0[38;2;93;21;10m1[38;2;0;0;0m0[38;2;255;255;255m1[38;2;0;0;0m01[38;2;255;184;152m0[38;2;255;205;163m1[38;2;5;0;0m0[38;2;210;116;108m1[38;2;107;0;0m0[38;2;255;255;246m1[38;2;255;230;211m0[38;2;86;0;0m1[38;2;255;255;255m0[38;2;255;255;176m1[38;2;255;0;0m0[38;2;187;179;68m1[38;2;255;255;88m0[38;2;0;39;0m1[38;2;255;0;0m010101010101010[38;2;177;0;0m1[38;2;0;0;11m0[38;2;0;15;10m1[38;2;0;166;5m0[38;2;0;227;0m1
[38;2;255;255;255m01010101[38;2;221;237;255m0[38;2;0;0;0m1[38;2;0;158;0m0[38;2;0;201;0m1[38;2;0;224;0m0[38;2;0;190;0m1[38;2;0;152;0m0[38;2;0;81;0m1[38;2;0;0;0m0[38;2;225;0;0m1[38;2;255;0;0m0[38;2;124;141;0m1[38;2;255;255;0m0[38;2;255;255;12m1[38;2;248;255;0m0[38;2;204;255;0m1[38;2;178;255;0m0[38;2;189;255;0m1[38;2;221;255;0m0[38;2;251;255;0m1[38;2;255;255;0m0[38;2;255;255;19m1[38;2;255;255;22m0[38;2;254;255;0m1[38;2;255;255;0m010[38;2;255;255;70m1[38;2;255;255;213m0[38;2;255;255;255m1010[38;2;255;255;129m1[38;2;71;81;52m0[38;2;255;234;191m1[38;2;0;0;0m01[38;2;131;9;0m0[38;2;255;255;255m1[38;2;119;0;0m0[38;2;186;0;18m1[38;2;255;255;225m0[38;2;189;93;80m1[38;2;255;255;255m0[38;2;221;117;74m1[38;2;233;86;63m0[38;2;255;228;210m1[38;2;223;83;93m0[38;2;255;255;96m1[38;2;90;255;35m0[38;2;18;0;7m1[38;2;255;0;0m0101010101010101[38;2;210;0;0m0[38;2;0;0;0m1[38;2;0;83;8m0[38;2;0;192;7m1
[38;2;255;255;255m01010101[38;2;122;138;183m0[38;2;0;55;0m1[38;2;0;215;0m0[38;2;0;204;0m1[38;2;0;201;0m0[38;2;0;155;0m1[38;2;0;126;0m0[38;2;0;0;0m1[38;2;93;0;0m0[38;2;255;0;0m1[38;2;116;0;0m0[38;2;68;255;0m1[38;2;109;247;0m0[38;2;10;162;0m1[38;2;0;100;0m0[38;2;0;44;0m1[38;2;0;20;0m0[38;2;0;75;0m1[38;2;0;172;0m0[38;2;4;233;0m1[38;2;42;251;0m0[38;2;50;251;0m1[38;2;0;188;0m0[38;2;0;92;29m1[38;2;0;44;6m0[38;2;0;80;0m1[38;2;102;244;0m0[38;2;164;255;0m1[38;2;199;255;0m0[38;2;255;255;0m10[38;2;255;255;110m1[38;2;255;255;255m01[38;2;255;255;189m0[38;2;220;193;68m1[38;2;0;0;0m01[38;2;12;0;0m0[38;2;255;255;255m1[38;2;255;255;197m0[38;2;88;0;0m1[38;2;255;255;255m0[38;2;255;255;190m1[38;2;255;244;219m0[38;2;255;255;168m1[38;2;255;109;93m0[38;2;255;89;101m1[38;2;255;255;71m0[38;2;153;255;0m1[38;2;0;1;9m0[38;2;255;0;0m101010101010101010[38;2;211;0;0m1[38;2;0;0;0m0[38;2;0;57;0m1
[38;2;255;255;255m01010101[38;2;0;13;0m0[38;2;0;154;0m1[38;2;0;170;0m0[38;2;0;187;0m1[38;2;0;188;0m0[38;2;0;158;0m1[38;2;0;77;0m0[38;2;18;0;0m1[38;2;255;0;0m01[38;2;76;0;11m0[38;2;0;2;31m1[38;2;0;0;29m0[38;2;0;0;86m1[38;2;0;0;18m0[38;2;0;0;0m1010[38;2;0;0;9m1[38;2;0;0;33m0[38;2;0;0;60m10[38;2;0;0;13m1[38;2;0;0;0m01[38;2;0;0;23m0[38;2;0;130;49m1[38;2;25;196;0m0[38;2;72;242;0m1[38;2;177;255;0m0[38;2;254;255;0m1[38;2;255;255;0m0[38;2;255;255;139m1[38;2;255;255;255m01[38;2;88;152;5m0[38;2;0;0;0m10[38;2;255;207;138m1[38;2;255;255;255m0[38;2;108;0;0m1[38;2;255;155;97m0[38;2;255;255;255m1[38;2;217;97;0m0[38;2;255;88;0m1[38;2;255;136;106m0[38;2;196;92;51m1[38;2;255;255;62m0[38;2;0;141;0m1[38;2;106;0;0m0[38;2;255;0;0m1010101010101010101[38;2;142;0;0m0[38;2;0;0;0m1
[38;2;255;255;255m0101010[38;2;126;159;176m1[38;2;0;66;0m0[38;2;0;202;0m1[38;2;0;113;0m0[38;2;0;170;0m1[38;2;0;167;0m0[38;2;0;91;0m1[38;2;0;0;0m0[38;2;255;0;0m101[38;2;248;0;0m0[38;2;93;0;58m1[38;2;128;0;5m0[38;2;216;0;0m1[38;2;165;0;0m0[38;2;0;0;0m1[38;2;0;0;61m0[38;2;0;0;0m10[38;2;0;0;4m1[38;2;0;0;0m01010[38;2;0;0;16m1[38;2;0;0;0m0[38;2;0;0;39m1[38;2;0;32;11m0[38;2;0;76;0m1[38;2;2;156;0m0[38;2;151;255;0m1[38;2;211;255;0m0[38;2;255;255;0m1[38;2;255;255;118m0[38;2;255;255;255m1[38;2;255;255;132m0[38;2;0;0;0m10[38;2;240;92;28m1[38;2;255;255;255m0[38;2;194;110;78m1[38;2;191;12;0m0[38;2;255;255;255m1[38;2;255;223;178m0[38;2;255;95;79m1[38;2;255;127;146m0[38;2;120;90;57m1[38;2;227;255;58m0[38;2;0;76;0m1[38;2;185;0;0m0[38;2;255;0;0m10101010101010101010[38;2;41;0;0m1
[38;2;255;255;255m010101[38;2;133;174;184m0[38;2;0;55;0m1[38;2;0;150;0m0[38;2;0;183;0m1[38;2;0;184;0m0[38;2;0;185;0m1[38;2;0;130;0m0[38;2;0;21;0m1[38;2;237;0;0m0[38;2;255;0;0m101010101[38;2;254;0;0m0[38;2;0;0;0m10[38;2;0;0;48m1[38;2;0;0;0m0[38;2;0;20;84m1[38;2;0;22;20m0[38;2;0;0;0m1[38;2;0;22;35m0[38;2;0;19;20m1[38;2;0;0;0m010[38;2;0;14;29m1[38;2;0;0;0m0[38;2;42;229;0m1[38;2;71;255;0m0[38;2;161;255;0m1[38;2;255;255;0m0[38;2;255;255;23m1[38;2;255;255;104m0[38;2;189;247;0m1[38;2;28;0;0m0[38;2;206;47;7m1[38;2;255;255;255m0[38;2;255;255;231m1[38;2;255;80;30m0[38;2;255;148;79m1[38;2;255;184;170m0[38;2;210;161;173m1[38;2;134;89;56m0[38;2;249;255;103m1[38;2;167;255;12m0[38;2;0;13;0m1[38;2;255;0;0m0101010101010101010101
[38;2;255;255;255m010101[38;2;0;77;0m0[38;2;0;166;0m1[38;2;0;187;0m0[38;2;0;194;0m1[38;2;0;153;0m0[38;2;0;178;0m1[38;2;0;89;0m0[38;2;196;0;0m1[38;2;255;0;0m010101010101[38;2;13;0;23m0[38;2;0;0;0m10[38;2;0;0;32m1[38;2;0;59;206m0[38;2;0;0;56m1[38;2;0;0;33m0[38;2;0;0;0m10[38;2;0;0;38m1[38;2;0;0;102m0[38;2;0;0;0m10[38;2;0;17;20m1[38;2;0;140;0m0[38;2;60;255;0m1[38;2;228;255;0m0[38;2;225;255;0m1[38;2;255;255;0m010[38;2;193;127;0m1[38;2;225;132;94m0[38;2;251;146;121m1[38;2;167;57;72m0[38;2;93;53;0m1[38;2;246;254;78m0[38;2;255;255;95m1[38;2;255;255;110m0[38;2;245;255;1m1[38;2;0;168;0m0[38;2;114;0;0m1[38;2;255;0;0m0101010101010101010101
[38;2;255;255;255m01010[38;2;21;79;52m1[38;2;0;110;0m0[38;2;0;164;0m1[38;2;0;180;0m0[38;2;0;189;0m1[38;2;0;152;0m0[38;2;0;139;0m1[38;2;138;0;0m0[38;2;255;0;0m10101010101010101[38;2;125;0;0m0[38;2;0;0;50m1[38;2;0;0;0m0[38;2;55;0;0m1[38;2;90;0;0m0[38;2;21;0;0m1[38;2;0;0;25m0[38;2;0;0;79m1[38;2;0;0;0m0[38;2;0;0;35m1[38;2;0;16;164m0[38;2;5;126;22m1[38;2;211;255;20m0[38;2;81;255;0m1[38;2;106;255;0m0[38;2;217;255;0m1[38;2;255;255;0m010[38;2;248;255;25m1[38;2;223;255;20m0[38;2;255;255;47m1[38;2;255;255;28m0[38;2;248;255;5m1[38;2;95;255;56m0[38;2;0;133;62m1[38;2;100;0;0m0[38;2;255;0;0m10101010101010101010101
[38;2;255;255;255m0101[38;2;120;164;170m0[38;2;0;89;0m1[38;2;0;192;0m0[38;2;0;159;0m1[38;2;0;156;0m0[38;2;0;171;0m1[38;2;0;173;0m0[38;2;54;0;0m1[38;2;255;0;0m010101010101010101010101[38;2;184;0;0m0[38;2;29;0;0m1[38;2;0;0;14m0[38;2;0;0;0m10[38;2;0;0;65m1[38;2;0;1;21m0[38;2;0;17;95m1[38;2;0;127;12m0[38;2;106;255;0m1[38;2;116;255;0m0[38;2;120;255;0m1[38;2;139;255;0m0[38;2;154;255;0m1[38;2;184;255;0m0[38;2;214;255;0m1[38;2;103;255;0m0[38;2;0;29;2m1[38;2;0;0;5m0[38;2;201;0;0m1[38;2;255;0;0m010101010101010101010101
[38;2;255;255;255m0101[38;2;0;85;0m0[38;2;0;183;0m1[38;2;0;191;0m0[38;2;0;202;0m1[38;2;0;175;0m0[38;2;0;150;0m1[38;2;0;0;0m0[38;2;255;0;0m1010101010101010101010101[38;2;246;0;0m0[38;2;229;0;0m1[38;2;0;0;0m0[38;2;0;0;47m1[38;2;0;0;1m0[38;2;0;0;0m101[38;2;0;0;23m0[38;2;0;38;27m1[38;2;0;103;36m0[38;2;0;141;0m1[38;2;0;162;15m0[38;2;0;101;26m1[38;2;0;109;21m0[38;2;0;148;68m1[38;2;0;0;61m0[38;2;0;0;0m1[38;2;202;0;0m0[38;2;255;0;0m1010101010101010101010101
[38;2;255;255;255m010[38;2;182;204;238m1[38;2;0;97;0m0[38;2;15;222;0m1[38;2;0;187;0m0[38;2;0;162;0m1[38;2;0;99;0m0[38;2;0;0;0m1[38;2;207;0;0m0[38;2;255;0;0m10101010101010101010101010[38;2;242;0;0m1[38;2;139;0;0m0[38;2;15;0;8m1[38;2;0;0;0m01[38;2;0;0;5m0[38;2;0;0;19m1[38;2;0;0;0m0[38;2;0;0;44m1[38;2;0;0;20m0[38;2;0;0;61m1[38;2;0;0;11m0[38;2;34;0;0m1[38;2;39;0;0m0[38;2;1;0;0m1[38;2;64;0;0m0[38;2;83;0;0m1[38;2;170;0;0m0[38;2;237;0;0m1[38;2;255;0;0m01010[38;2;248;0;0m1[38;2;178;87;0m0[38;2;255;255;0m1[38;2;255;163;0m0[38;2;255;106;0m1[38;2;255;40;0m0[38;2;255;0;0m1010101010101
[38;2;255;255;255m010[38;2;115;138;181m1[38;2;0;0;0m0[38;2;0;154;0m1[38;2;0;151;0m0[38;2;0;54;0m1[38;2;0;0;0m0[38;2;46;0;0m1[38;2;255;0;0m010101010101010101010101010[38;2;255;5;0m1[38;2;255;0;0m0[38;2;229;0;0m1[38;2;199;0;0m0[38;2;195;0;0m1[38;2;183;0;0m0[38;2;172;0;0m1[38;2;151;0;0m0[38;2;135;0;0m1[38;2;150;0;0m01[38;2;179;0;0m0[38;2;233;33;0m1[38;2;250;106;0m0[38;2;255;211;0m1[38;2;155;103;0m0[38;2;183;65;0m1[38;2;230;13;0m0[38;2;227;0;0m1[38;2;255;0;0m01010[38;2;255;255;0m1[38;2;0;164;0m0[38;2;164;255;0m1[38;2;255;255;0m010101[38;2;255;216;0m0[38;2;255;110;0m1[38;2;255;7;0m0[38;2;255;0;0m1010101
[0m

